object Form25: TForm25
  Left = 0
  Top = 0
  Caption = 'Form25'
  ClientHeight = 582
  ClientWidth = 438
  FormFactor.Width = 320
  FormFactor.Height = 480
  FormFactor.Devices = [Desktop]
  DesignerMasterStyle = 0
  object Button1: TButton
    Align = Top
    Margins.Left = 10.000000000000000000
    Margins.Top = 5.000000000000000000
    Margins.Right = 10.000000000000000000
    Margins.Bottom = 5.000000000000000000
    Position.X = 10.000000000000000000
    Position.Y = 5.000000000000000000
    Size.Width = 418.000000000000000000
    Size.Height = 44.000000000000000000
    Size.PlatformDefault = False
    TabOrder = 0
    Text = 'Button1'
    OnClick = Button1Click
  end
  object Button2: TButton
    Align = Top
    Margins.Left = 10.000000000000000000
    Margins.Top = 5.000000000000000000
    Margins.Right = 10.000000000000000000
    Margins.Bottom = 5.000000000000000000
    Position.X = 10.000000000000000000
    Position.Y = 59.000000000000000000
    Size.Width = 418.000000000000000000
    Size.Height = 46.000000000000000000
    Size.PlatformDefault = False
    TabOrder = 1
    Text = 'Button2'
    OnClick = Button2Click
  end
  object Memo1: TMemo
    Touch.InteractiveGestures = [Pan, LongTap, DoubleTap]
    DataDetectorTypes = []
    Align = Client
    Margins.Left = 10.000000000000000000
    Margins.Top = 5.000000000000000000
    Margins.Right = 10.000000000000000000
    Margins.Bottom = 5.000000000000000000
    Size.Width = 418.000000000000000000
    Size.Height = 462.000000000000000000
    Size.PlatformDefault = False
    TabOrder = 2
    Viewport.Width = 414.000000000000000000
    Viewport.Height = 458.000000000000000000
  end
end
